-2.500000000000000000e-01
-2.474999999999999978e-01
-2.449999999999999956e-01
-2.424999999999999933e-01
-2.399999999999999911e-01
-2.374999999999999889e-01
-2.349999999999999867e-01
-2.325000000000000122e-01
-2.300000000000000100e-01
-2.275000000000000078e-01
-2.250000000000000056e-01
-2.225000000000000033e-01
-2.200000000000000011e-01
-2.174999999999999989e-01
-2.149999999999999967e-01
-2.124999999999999944e-01
-2.099999999999999922e-01
-2.074999999999999900e-01
-2.049999999999999878e-01
-2.025000000000000133e-01
-2.000000000000000111e-01
-1.975000000000000089e-01
-1.950000000000000067e-01
-1.925000000000000044e-01
-1.900000000000000022e-01
-1.875000000000000000e-01
-1.849999999999999978e-01
-1.824999999999999956e-01
-1.799999999999999933e-01
-1.774999999999999911e-01
-1.749999999999999889e-01
-1.724999999999999867e-01
-1.700000000000000122e-01
-1.675000000000000100e-01
-1.650000000000000078e-01
-1.625000000000000056e-01
-1.600000000000000033e-01
-1.575000000000000011e-01
-1.549999999999999989e-01
-1.524999999999999967e-01
-1.499999999999999944e-01
-1.474999999999999922e-01
-1.449999999999999900e-01
-1.424999999999999878e-01
-1.400000000000000133e-01
-1.375000000000000111e-01
-1.350000000000000089e-01
-1.325000000000000067e-01
-1.300000000000000044e-01
-1.275000000000000022e-01
-1.250000000000000000e-01
-1.224999999999999978e-01
-1.199999999999999956e-01
-1.174999999999999933e-01
-1.150000000000000050e-01
-1.125000000000000028e-01
-1.100000000000000006e-01
-1.074999999999999983e-01
-1.049999999999999961e-01
-1.025000000000000078e-01
-1.000000000000000056e-01
-9.750000000000000333e-02
-9.500000000000000111e-02
-9.249999999999999889e-02
-8.999999999999999667e-02
-8.749999999999999445e-02
-8.499999999999999223e-02
-8.250000000000000389e-02
-8.000000000000000167e-02
-7.749999999999999944e-02
-7.499999999999999722e-02
-7.249999999999999500e-02
-7.000000000000000666e-02
-6.750000000000000444e-02
-6.500000000000000222e-02
-6.250000000000000000e-02
-5.999999999999999778e-02
-5.749999999999999556e-02
-5.500000000000000028e-02
-5.249999999999999806e-02
-5.000000000000000278e-02
-4.750000000000000056e-02
-4.499999999999999833e-02
-4.249999999999999611e-02
-4.000000000000000083e-02
-3.749999999999999861e-02
-3.500000000000000333e-02
-3.250000000000000111e-02
-2.999999999999999889e-02
-2.750000000000000014e-02
-2.500000000000000139e-02
-2.249999999999999917e-02
-2.000000000000000042e-02
-1.750000000000000167e-02
-1.499999999999999944e-02
-1.250000000000000069e-02
-1.000000000000000021e-02
-7.500000000000000590e-03
-5.000000000000000104e-03
-2.500000000000000052e-03
0.000000000000000000e+00
2.500000000000000052e-03
5.000000000000000104e-03
7.500000000000000590e-03
1.000000000000000021e-02
1.250000000000000069e-02
1.499999999999999944e-02
1.750000000000000167e-02
2.000000000000000042e-02
2.249999999999999917e-02
2.500000000000000139e-02
2.750000000000000014e-02
2.999999999999999889e-02
3.250000000000000111e-02
3.500000000000000333e-02
3.749999999999999861e-02
4.000000000000000083e-02
4.249999999999999611e-02
4.499999999999999833e-02
4.750000000000000056e-02
5.000000000000000278e-02
5.249999999999999806e-02
5.500000000000000028e-02
5.749999999999999556e-02
5.999999999999999778e-02
6.250000000000000000e-02
6.500000000000000222e-02
6.750000000000000444e-02
7.000000000000000666e-02
7.249999999999999500e-02
7.499999999999999722e-02
7.749999999999999944e-02
8.000000000000000167e-02
8.250000000000000389e-02
8.499999999999999223e-02
8.749999999999999445e-02
8.999999999999999667e-02
9.249999999999999889e-02
9.500000000000000111e-02
9.750000000000000333e-02
1.000000000000000056e-01
1.025000000000000078e-01
1.049999999999999961e-01
1.074999999999999983e-01
1.100000000000000006e-01
1.125000000000000028e-01
1.150000000000000050e-01
1.174999999999999933e-01
1.199999999999999956e-01
1.224999999999999978e-01
1.250000000000000000e-01
1.275000000000000022e-01
1.300000000000000044e-01
1.325000000000000067e-01
1.350000000000000089e-01
1.375000000000000111e-01
1.400000000000000133e-01
1.424999999999999878e-01
1.449999999999999900e-01
1.474999999999999922e-01
1.499999999999999944e-01
1.524999999999999967e-01
1.549999999999999989e-01
1.575000000000000011e-01
1.600000000000000033e-01
1.625000000000000056e-01
1.650000000000000078e-01
1.675000000000000100e-01
1.700000000000000122e-01
1.724999999999999867e-01
1.749999999999999889e-01
1.774999999999999911e-01
1.799999999999999933e-01
1.824999999999999956e-01
1.849999999999999978e-01
1.875000000000000000e-01
1.900000000000000022e-01
1.925000000000000044e-01
1.950000000000000067e-01
1.975000000000000089e-01
2.000000000000000111e-01
2.025000000000000133e-01
2.049999999999999878e-01
2.074999999999999900e-01
2.099999999999999922e-01
2.124999999999999944e-01
2.149999999999999967e-01
2.174999999999999989e-01
2.200000000000000011e-01
2.225000000000000033e-01
2.250000000000000056e-01
2.275000000000000078e-01
2.300000000000000100e-01
2.325000000000000122e-01
2.349999999999999867e-01
2.374999999999999889e-01
2.399999999999999911e-01
2.424999999999999933e-01
2.449999999999999956e-01
2.474999999999999978e-01
2.500000000000000000e-01
2.524999999999999467e-01
2.550000000000000044e-01
2.574999999999999512e-01
2.600000000000000089e-01
2.624999999999999556e-01
2.650000000000000133e-01
2.674999999999999600e-01
2.700000000000000178e-01
2.724999999999999645e-01
2.750000000000000222e-01
2.774999999999999689e-01
2.800000000000000266e-01
2.824999999999999734e-01
2.850000000000000311e-01
2.874999999999999778e-01
2.900000000000000355e-01
2.924999999999999822e-01
2.950000000000000400e-01
2.974999999999999867e-01
3.000000000000000444e-01
3.024999999999999911e-01
3.050000000000000488e-01
3.074999999999999956e-01
3.100000000000000533e-01
3.125000000000000000e-01
3.149999999999999467e-01
3.175000000000000044e-01
3.199999999999999512e-01
3.225000000000000089e-01
3.249999999999999556e-01
3.275000000000000133e-01
3.299999999999999600e-01
3.325000000000000178e-01
3.349999999999999645e-01
3.375000000000000222e-01
3.399999999999999689e-01
3.425000000000000266e-01
3.449999999999999734e-01
3.475000000000000311e-01
3.499999999999999778e-01
3.525000000000000355e-01
3.549999999999999822e-01
3.575000000000000400e-01
3.599999999999999867e-01
3.625000000000000444e-01
3.649999999999999911e-01
3.675000000000000488e-01
3.699999999999999956e-01
3.725000000000000533e-01
3.750000000000000000e-01
3.774999999999999467e-01
3.800000000000000044e-01
3.824999999999999512e-01
3.850000000000000089e-01
3.874999999999999556e-01
3.900000000000000133e-01
3.924999999999999600e-01
3.950000000000000178e-01
3.974999999999999645e-01
4.000000000000000222e-01
4.024999999999999689e-01
4.050000000000000266e-01
4.074999999999999734e-01
4.100000000000000311e-01
4.124999999999999778e-01
4.150000000000000355e-01
4.174999999999999822e-01
4.200000000000000400e-01
4.224999999999999867e-01
4.250000000000000444e-01
4.274999999999999911e-01
4.300000000000000488e-01
4.324999999999999956e-01
4.350000000000000533e-01
4.375000000000000000e-01
4.399999999999999467e-01
4.425000000000000044e-01
4.449999999999999512e-01
4.475000000000000089e-01
4.499999999999999556e-01
4.525000000000000133e-01
4.549999999999999600e-01
4.575000000000000178e-01
4.599999999999999645e-01
4.625000000000000222e-01
4.649999999999999689e-01
4.675000000000000266e-01
4.699999999999999734e-01
4.725000000000000311e-01
4.749999999999999778e-01
4.775000000000000355e-01
4.799999999999999822e-01
4.825000000000000400e-01
4.849999999999999867e-01
4.875000000000000444e-01
4.899999999999999911e-01
4.925000000000000488e-01
4.949999999999999956e-01
4.975000000000000533e-01
5.000000000000000000e-01
